ἰιι 0110111110· ιιιι

Ροιιιιιιι. &nsunt de 0011760110

717

011 9001901101 11749 0011110 ιιι ou 9110
, (710 105 contre 17 qu’ un 001091 17107 7110111 0110 7
⁸vivra 1 an 9109117170

· 0171106 111010

1174900911οΨ7-011910011000011019040011
’ 111105 11717010.

7 11749 00011οἘ- Γ6, ’011 58089 0011100 19011
11011170οι19 990 (10001007 0411011100.

11556 0011110 545 ou 574 contre 191111 .
7711717075 9110 71,109100’7’7

11099 000005600000900910010000011110
- 191111110119776011011091110 ' 77

10791 00111071979701 ιιιι 970711 9100 de 10
2 , 7 contr? 17911 11 0117ιο ’171 1717179717091110ι177

10117 0001107944 979777 5¹³ 7ΓΓ 90111170 1 91111 ,
7 77 11119 760110 091110 77,

9595 0091907 9966707175 ,7679070110 1 91111
01071009 0901109100 7 ,7 7 77777

61119 00111ιο ,595797 07117 ι ,44 77909979 1 91111

7 7171017077 067 990 de 91790777 777777

7741 001111θ4111900 17409090191111 Α
’ 1111059905 (10911191777 7 ,7 7

 

